898608
4727344
240176
248812
1744064
5086736
3673776
544608
483072
2312488
4067505
1294777
3341928
2820072
4577318
1878880
1634074
665312
1549992
4685756
23304
4473608
3172232
4799304
2723278
3311940
1125936
2875528
4269672
223584
4905860
1811248
4900288
3695544
3422984
2724029
2773448
4739464
4271234
2387705
2734360
4321196
2335528
2924884
919604
4373370
2600320
2736066
3427030
218064
1693656
1941668
2595424
4313818
1148622
1291848
1246440
3608012
1
5034261
1156374
4406066
2069360
2742404
624524
2198448
4242112
1672154
1078344
3907008
756332
1909432
1197720
4042090
786216
4481712
4254016
2236728
437900
4532778
4638532
4776456
2922742
3603813
2239376
3938730
1931112
2950050
285328
3548784
3763788
83861
5270816
4122976
849976
524068
2085048
4192608
3024610
5136108
